Overall Cor1 View Mean Dice: [0.96231312 0.9459445  0.92680237 0.93975342 0.91500759 0.7572843
 0.7535575  0.84048044 0.66736248 0.86472067 0.88581803 0.69499089
 0.80877673 0.90725328 0.91256556 0.91643566]
Overall Cor1 View Mean HD: [ 8.94580016  3.13448786  7.03427321  9.19219587 13.88328583  8.61409565
  5.97767275  8.40236378 25.41262479 11.95457651  6.56272737  6.84497624
 14.2171833  12.29311744  6.35474626 23.78392154]
Overall Cor1 View Mean ASD: [1.70152449 0.8166071  1.84996017 2.57377608 1.86022863 2.92745021
 1.51765509 1.76031276 5.22751822 2.39703423 1.50142435 1.23933897
 1.98481115 3.80604698 1.70278237 7.38224278]
(32, 7, 16)
Overall Sag2 View Mean Dice: [0.96178564 0.94162914 0.92644934 0.93917816 0.91559186 0.7553422
 0.75320853 0.83744637 0.67331349 0.86268749 0.88614279 0.69267226
 0.81179006 0.9077214  0.91422049 0.91708091]
Overall Sag2 View Mean HD: [11.93148657  3.42673826  6.77730223 12.16019136 12.96810833 10.01891053
  5.77868327  8.47156703 23.74981254 12.22601136  6.26630859  6.61973262
 14.01437832 12.21747574  6.13684772 18.69451953]
Overall Sag2 View Mean ASD: [1.8037706  0.8298493  1.72251151 3.28997945 1.69621046 3.88426602
 1.47826517 1.84455602 5.22197793 2.46564409 1.4465368  1.24509691
 1.91045421 3.76587292 1.47827562 6.88847713]
(32, 7, 16)
Overall Sag1 View Mean Dice: [0.96178568 0.94162755 0.92644889 0.93917856 0.91559223 0.75533796
 0.75322026 0.83744776 0.67331441 0.86268813 0.8861431  0.69266551
 0.81178932 0.90772105 0.91421346 0.91707464]
Overall Sag1 View Mean HD: [11.93104855  3.42673826  6.77730223 12.16019136 12.96452919 10.01891053
  5.77868327  8.47156703 23.74966757 12.22366717  6.26501767  6.61973262
 14.01437832 12.21746957  6.13684772 18.6944973 ]
Overall Sag1 View Mean ASD: [1.80356014 0.82983162 1.72256948 3.29000056 1.69568615 3.88412665
 1.47825422 1.84454421 5.22195149 2.46545046 1.44651773 1.24510929
 1.91035629 3.76557042 1.47840804 6.88931228]
(32, 7, 16)
Overall Axi2 View Mean Dice: [0.96102207 0.94010003 0.92654824 0.93481448 0.91088912 0.7679489
 0.74142392 0.83712854 0.66341028 0.86028041 0.88348905 0.69574283
 0.80418177 0.90078853 0.91660842 0.91733194]
Overall Axi2 View Mean HD: [12.1062332   3.50535154  7.31374735  9.42700328 15.7181118   7.52529633
  6.54488243  8.15479676 23.93204138 13.2964527   6.25458895  6.69576346
 14.65402654 12.20354508  6.2330868  18.81575399]
Overall Axi2 View Mean ASD: [1.94646123 0.86833918 1.91855486 2.86601246 2.02492165 2.11905062
 1.65237481 1.79859395 5.35736503 2.55571268 1.44038846 1.29259488
 2.30039449 4.17504877 1.5853753  5.87721634]
(32, 7, 16)
Overall Axi1 View Mean Dice: [0.96102233 0.9400968  0.92654612 0.93481257 0.91088604 0.76792777
 0.74145759 0.83713651 0.66341589 0.86028261 0.88348808 0.69574758
 0.80417091 0.90078883 0.91660706 0.91733013]
Overall Axi1 View Mean HD: [12.10617596  3.50535154  7.31405516  9.42636611 15.71813624  7.52529633
  6.54488243  8.15334145 23.93220832 13.2964527   6.25544694  6.69576346
 14.65402654 12.20354508  6.2330868  18.81575399]
Overall Axi1 View Mean ASD: [1.94656772 0.8684346  1.91872108 2.86661849 2.02472123 2.1191187
 1.65217458 1.79856477 5.35737703 2.55555383 1.44044706 1.29248713
 2.30236186 4.1765808  1.58539238 5.87847521]
(32, 7, 16)
Overall Cor2 View Mean Dice: [0.96231299 0.9459454  0.92679972 0.93975322 0.91500619 0.7572799
 0.75355901 0.84048933 0.66736473 0.864722   0.88581586 0.69501811
 0.80878896 0.90726822 0.91256505 0.91643687]
Overall Cor2 View Mean HD: [ 8.94644608  3.13448786  7.03427321  9.19212884 13.88328583  8.61409565
  5.97767275  8.40236378 25.41262479 11.95306128  6.56272737  6.84227956
 14.2171833  12.29311744  6.35474626 23.78392154]
Overall Cor2 View Mean ASD: [1.70167309 0.81661107 1.85019256 2.57377008 1.86024749 2.92737435
 1.51764297 1.76025978 5.22760362 2.39709717 1.5014661  1.23907819
 1.9849682  3.80637226 1.70279993 7.38241614]
(32, 7, 16)
Overall Fuse View Mean Dice: [0.96225558 0.94399269 0.92772254 0.9388193  0.91582826 0.7620071
 0.75425987 0.84136015 0.67084252 0.86579423 0.88760909 0.69917645
 0.81123839 0.90726893 0.91667145 0.91877175]
Overall Fuse View Mean HD: [ 9.20117877  3.31835147  7.24154095  9.30657903 12.78290517  7.28411423
  5.68448128  8.3013717  23.59363565 12.32455959  6.02850467  6.45035931
 14.40809673 12.17368017  6.24582468 18.61198975]
Overall Fuse View Mean ASD: [1.75640585 0.81360861 1.73295217 2.80148116 1.64038391 2.42673296
 1.48108502 1.75203375 5.16447903 2.32801539 1.3925916  1.21561971
 1.89756468 3.56480145 1.40595034 6.06727707]